1 0 1
3 0 2
4 0 3
5 0 4
6 0 5
7 0 6
8 0 7
9 0 8
10 0 9
11 0 10
12 0 11
13 0 12
14 0 13
15 0 14
16 0 15
17 0 16
18 0 17
19 0 18
20 0 19
21 0 20
22 0 21
23 0 22
24 0 23
25 0 24
26 0 25
27 0 26
28 0 27
29 0 28
30 0 29
32 0 31
33 0 32
34 0 33
35 0 34
36 0 35
37 0 36
38 0 37
39 0 38
40 0 39
41 0 40
42 0 41
43 0 42
44 0 43
45 0 44
46 0 45
47 0 46
48 0 47
49 0 48
50 0 49
51 0 50
52 0 51
53 0 52
54 0 53
55 0 54
56 0 55
57 0 56
58 0 57
59 0 58
60 0 59
61 0 60
62 0 61
63 0 62
64 0 63
65 0 64
66 0 65
67 0 66
68 0 67
69 0 68
70 0 69
71 0 70
72 0 71
73 0 72
74 0 73
75 0 74
76 0 75
77 0 76
79 0 78
80 0 79
81 0 80
82 0 81
83 0 82
84 0 83
85 0 84
86 0 85
87 0 86
88 0 87
89 0 88
90 0 89
91 0 90
92 0 91
93 0 92
94 0 93
95 0 94
96 0 95
97 0 96
98 0 97
99 0 98
100 0 99
101 0 100
102 0 101
103 0 102
104 0 103
105 0 104
106 0 105
107 0 106
108 0 107
109 0 108
110 0 109
111 0 110
112 0 111
114 0 113
115 0 114
116 0 115
117 0 116
118 0 117
119 0 118
120 0 119
121 0 120
122 0 121
123 0 122
124 0 123
125 0 124
126 0 125
127 0 126
128 0 127
129 0 128
130 0 129
131 0 130
132 0 131
133 0 132
134 0 133
135 0 134
136 0 135
137 0 136
138 0 137
139 0 138
140 0 139
141 0 140
142 0 141
143 0 142
144 0 143
145 0 144
146 0 145
147 0 146
148 0 147
149 0 148
150 0 149
151 0 150
152 0 151
153 0 152
154 0 153
155 0 154
156 0 155
157 0 156
158 0 157
160 0 159
161 0 160
162 0 161
163 0 162
164 0 163
165 0 164
166 0 165
167 0 166
168 0 167
169 0 168
170 0 169
172 0 171
173 0 172
174 0 173
175 0 174
176 0 175
177 0 176
178 0 177
179 0 178
180 0 179
181 0 180
182 0 181
183 0 182
184 0 183
185 0 184
186 0 185
187 0 186
188 0 187
189 0 188
190 0 189
191 0 190
192 0 191
193 0 192
195 0 194
196 0 195
197 0 196
198 0 197
199 0 198
200 0 199
201 0 200
202 0 201
203 0 202
204 0 203
205 0 204
206 0 205
207 0 206
208 0 207
209 0 208
210 0 209
211 0 210
212 0 211
213 0 212
214 0 213
215 0 214
216 0 215
217 0 216
219 0 218
220 0 219
221 0 220
222 0 221
223 0 222
224 0 223
225 0 224
226 0 225
227 0 226
228 0 227
229 0 228
230 0 229
231 0 230
232 0 231
233 0 232
234 0 233
235 0 234
236 0 235
237 0 236
238 0 237
239 0 238
240 0 239
242 0 241
243 0 242
244 0 243
245 0 244
246 0 245
247 0 246
248 0 247
249 0 248
250 0 249
251 0 250
252 0 251
253 0 253
254 0 253
255 0 254
256 0 255
257 0 256
258 0 257
259 0 258
260 0 259
261 0 260
262 0 261
263 0 262
264 0 263
265 0 264
266 0 265
267 0 266
268 0 267
269 0 268
270 0 269
271 0 270
272 0 271
273 0 272
274 0 273
275 0 274
276 0 275
277 0 276
278 0 277
279 0 278
280 0 279
281 0 280
282 0 281
283 0 282
284 0 283
285 0 284
286 0 285
287 0 286
288 0 287
289 0 288
290 0 289
291 0 290
292 0 291
293 0 292
294 0 293
295 0 294
296 0 295
297 0 296
298 0 297
299 0 298
300 0 299
301 0 300
302 0 301
303 0 302
304 0 303
305 0 304
306 0 305
307 0 306
308 0 307
309 0 308
310 0 309
311 0 310
312 0 311
313 0 312
314 0 313
315 0 314
316 0 315
317 0 316
318 0 317
319 0 318
320 0 319
321 0 320
323 0 322
324 0 323
325 0 324
326 0 325
327 0 326
328 0 327
329 0 328
330 0 329
331 0 330
332 0 331
333 0 332
334 0 333
335 0 334
336 0 335
337 0 336
338 0 337
339 0 338
340 0 339
341 0 340
342 0 341
343 0 342
344 0 343
345 0 344
346 0 345
347 0 346
348 0 347
349 0 348
350 0 349
351 0 350
352 0 351
353 0 352
354 0 353
355 0 354
356 0 355
358 0 357
359 0 358
360 0 359
361 0 360
362 0 361
363 0 362
364 0 363
365 0 364
366 0 365
367 0 366
368 0 367
369 0 369
370 0 369
371 0 370
372 0 371
373 0 372
374 0 373
375 0 374
376 0 375
377 0 376
378 0 377
379 0 378
380 0 379
381 0 380
382 0 381
383 0 382
384 0 383
385 0 384
386 0 385
387 0 386
388 0 387
389 0 388
390 0 389
391 0 390
392 0 391
393 0 392
394 0 393
395 0 394
396 0 395
397 0 396
398 0 397
399 0 398
400 0 399
401 0 400
402 0 401
403 0 402
404 0 404
405 0 404
406 0 405
407 0 406
408 0 407
409 0 408
410 0 409
411 0 410
412 0 411
413 0 412
414 0 413
416 0 415
417 0 416
418 0 417
418 1 418
419 1 419
420 1 420
421 1 421
422 1 422
423 1 423
424 1 424
425 1 425
426 1 426
427 1 428
428 1 430
428 4 430
429 4 431
429 5 433
431 5 434
432 5 436
433 5 437
433 7 439
435 7 440
435 8 442
437 8 443
437 9 445
439 9 446
440 9 448
440 10 448
441 10 449
442 10 451
442 11 451
443 11 452
444 12 454
445 12 455
446 12 457
446 13 457
447 13 458
448 13 460
448 14 460
450 15 463
451 15 464
451 16 466
453 16 467
453 17 469
455 17 470
456 17 472
457 17 473
458 17 475
458 19 475
459 19 476
460 19 478
460 20 478
461 20 479
461 21 481
463 21 482
464 22 484
465 22 485
465 23 487
467 23 488
468 23 490
468 24 490
469 24 491
469 25 493
471 25 494
471 26 496
473 26 497
473 27 499
475 27 500
475 28 502
477 28 503
478 28 505
479 28 506
479 30 508
481 30 509
481 31 511
483 31 512
483 32 514
485 32 515
485 33 517
487 33 518
488 33 520
488 34 520
489 34 521
489 35 523
491 35 524
492 35 526
492 36 526
493 36 527
493 37 529
495 37 530
495 38 532
497 38 533
497 39 535
499 39 536
499 40 538
501 40 539
501 41 541
503 41 542
504 41 544
505 41 545
506 41 547
506 43 547
507 43 548
507 44 550
509 44 551
509 45 553
511 45 554
512 45 556
513 45 557
513 47 559
515 47 560
516 48 562
517 48 563
517 49 565
517 50 568
521 50 569
522 51 571
523 51 572
524 51 574
524 52 574
525 52 575
525 53 577
527 53 578
528 54 580
529 54 581
530 54 583
531 54 585
532 54 586
532 56 586
533 56 587
534 56 589
535 56 590
536 58 592
537 58 593
538 58 595
539 58 596
539 60 598
541 60 599
542 61 601
543 61 602
544 61 604
545 61 605
545 63 607
547 63 608
547 64 610
549 64 611
550 64 613
550 65 613
551 65 614
552 65 616
552 66 616
553 66 617
555 66 620
555 68 622
557 68 623
557 69 625
559 69 626
559 70 628
561 70 629
561 71 631
563 71 632
563 72 634
565 72 635
566 72 637
567 72 638
568 72 640
569 72 641
569 75 643
571 75 644
572 75 646
572 76 646
573 76 647
573 77 649
575 77 650
575 78 652
577 78 653
579 79 656
579 80 658
581 80 659
581 81 661
583 81 662
583 82 664
585 82 665
585 83 667
587 83 668
587 84 670
589 84 671
589 85 673
591 85 674
591 86 676
593 86 677
594 87 679
595 87 680
595 88 682
597 88 683
597 89 685
599 89 686
600 89 688
600 90 688
601 90 690
602 91 691
603 91 692
603 92 694
605 92 695
605 93 697
607 93 698
607 94 700
609 94 701
610 95 703
611 95 704
611 96 706
613 96 707
614 97 709
615 97 710
615 98 712
617 98 713
617 99 715
619 99 716
620 99 718
620 100 718
621 100 719
622 100 721
623 100 722
624 100 724
624 102 724
625 102 725
625 103 727
627 103 728
627 104 730
629 104 731
629 105 733
631 105 734
632 106 736
633 106 737
633 107 739
635 107 740
637 107 743
638 107 745
638 109 745
639 109 746
639 110 748
641 110 749
641 111 751
643 111 752
643 112 754
645 112 755
646 112 757
647 112 758
647 114 760
649 114 761
650 115 763
651 115 764
651 116 766
653 116 767
654 117 769
655 117 770
656 118 772
657 118 773
657 119 775
659 119 776
659 120 778
661 120 779
661 121 781
663 121 782
663 122 784
665 122 785
666 122 787
667 122 788
667 124 790
669 124 791
669 125 793
671 125 794
671 126 796
673 126 797
673 127 799
675 127 800
675 128 802
677 128 803
677 129 805
679 129 806
679 130 808
681 130 809
682 130 811
683 130 812
683 132 814
685 132 815
685 133 817
687 133 818
688 133 820
689 133 821
689 135 823
691 135 824
692 135 826
692 136 826
693 136 827
693 137 829
695 137 830
695 138 832
697 138 833
697 139 835
699 139 836
699 140 838
701 140 839
702 140 841
703 140 842
703 142 844
705 142 845
706 142 848
707 142 848
707 144 850
709 144 851
709 145 853
711 145 854
712 146 856
713 146 857
714 146 859
715 146 860
716 148 862
717 148 863
717 149 865
719 149 866
720 150 868
721 150 869
721 151 871
723 151 872
723 152 874
725 152 875
726 153 877
727 153 878
728 154 880
729 154 881
729 155 883
731 155 884
732 155 886
733 155 887
734 155 889
735 155 890
736 155 892
737 155 893
737 159 895
739 159 896
740 160 898
741 160 899
741 161 901
743 161 902
743 162 904
745 162 905
745 163 907
747 163 908
748 163 910
748 164 910
749 164 911
749 165 913
751 165 914
751 166 916
753 166 917
754 166 920
755 166 920
755 168 922
757 168 923
758 168 925
758 169 925
759 169 926
759 170 928
761 170 929
762 170 931
762 171 931
763 171 932
764 172 934
765 172 935
765 173 937
767 173 938
768 173 940
769 173 941
769 175 943
771 175 944
771 176 946
773 176 947
773 177 949
775 177 950
775 178 952
777 178 953
777 179 955
779 179 956
779 180 958
781 180 959
782 180 961
782 181 961
783 181 962
783 182 964
785 182 965
785 183 967
787 183 968
787 184 970
787 185 973
791 185 974
791 186 976
793 186 977
793 187 979
795 187 980
795 188 982
797 188 983
798 188 985
798 189 985
799 189 986
800 190 988
800 191 991
803 191 992
803 192 994
805 192 995
806 193 997
807 193 998
808 193 1000
808 194 1000
809 194 1001
809 195 1003
811 195 1004
812 195 1006
812 196 1006
813 196 1007
813 197 1009
815 197 1010
815 198 1012
817 198 1013
817 199 1015
819 199 1016
819 200 1018
821 200 1019
821 201 1021
823 201 1022
823 202 1024
825 202 1025
826 202 1026
827 202 1028
827 204 1030
829 204 1031
829 205 1033
831 205 1034
832 206 1036
833 206 1037
833 207 1039
835 207 1040
836 207 1042
836 208 1042
837 208 1043
839 208 1046
839 210 1048
841 210 1049
841 211 1051
843 211 1052
844 212 1054
845 212 1055
845 213 1057
847 213 1058
847 214 1060
849 214 1061
850 215 1063
851 215 1064
851 216 1066
853 216 1067
854 216 1069
854 217 1069
855 217 1070
855 218 1072
857 218 1073
857 219 1075
859 219 1076
859 220 1078
861 220 1079
861 221 1081
863 221 1082
864 221 1084
864 222 1084
865 222 1085
866 222 1087
866 223 1087
867 223 1088
867 224 1090
869 224 1091
869 225 1093
871 225 1094
871 226 1096
873 226 1097
873 227 1099
875 227 1100
875 228 1102
877 228 1103
877 229 1105
879 229 1106
879 230 1108
881 230 1109
881 231 1111
883 231 1112
884 231 1114
884 232 1114
885 232 1115
887 232 1118
887 234 1120
889 234 1121
889 235 1123
891 235 1124
892 235 1126
893 235 1127
893 237 1129
895 237 1130
895 238 1132
897 238 1133
899 239 1136
900 240 1138
901 240 1139
902 240 1141
903 240 1142
903 242 1144
905 242 1145
905 243 1147
907 243 1148
908 243 1150
908 244 1150
909 244 1151
909 245 1153
911 245 1154
911 246 1156
913 246 1157
913 247 1159
915 247 1160
915 248 1162
917 248 1163
917 249 1165
919 249 1166
920 250 1168
921 250 1169
921 251 1171
923 251 1172
923 252 1174
925 252 1175
925 253 1177
927 253 1178
928 253 1180
929 253 1181
930 253 1183
930 255 1183
931 255 1184
931 256 1186
933 256 1187
933 257 1189
935 257 1190
935 258 1192
937 258 1193
938 258 1195
938 259 1195
939 259 1196
940 260 1198
941 260 1199
941 261 1201
943 261 1202
945 261 1205
945 263 1207
947 263 1208
948 263 1210
949 263 1211
950 263 1213
951 263 1214
951 266 1216
953 267 1219
955 267 1220
955 268 1222
957 268 1223
959 268 1226
959 270 1228
961 270 1229
961 271 1231
963 271 1232
964 272 1234
965 272 1235
965 273 1237
967 273 1238
968 273 1240
969 273 1241
971 273 1244
971 276 1246
973 276 1247
973 277 1249
975 277 1250
975 278 1252
977 278 1253
978 278 1255
978 279 1255
979 279 1256
979 280 1258
981 280 1259
983 280 1262
983 282 1264
985 282 1265
986 282 1267
987 282 1268
987 284 1270
989 284 1271
990 284 1273
990 285 1273
991 285 1274
991 286 1276
993 286 1277
995 286 1280
995 288 1282
997 288 1283
998 288 1285
998 289 1285
999 289 1286
999 290 1288
1001 290 1289
1001 291 1291
1003 291 1292
1003 292 1294
1005 292 1295
1007 293 1298
1007 294 1300
1009 294 1301
1009 295 1303
1011 295 1304
1011 296 1306
1013 296 1307
1014 296 1309
1014 297 1309
1015 297 1310
1016 297 1312
1016 298 1312
1017 298 1313
1019 298 1316
1019 300 1318
1021 300 1319
1021 301 1321
1023 301 1322
1023 302 1324
1025 302 1325
1025 303 1327
1027 303 1328
1028 303 1330
1028 304 1330
1029 304 1331
1031 305 1334
1031 306 1336
1033 306 1337
1033 307 1339
1035 307 1340
1035 308 1342
1037 308 1343
1038 308 1345
1038 309 1345
1039 309 1346
1039 310 1348
1041 310 1349
1041 311 1351
1043 311 1352
1043 312 1354
1045 312 1355
1045 313 1357
1047 313 1358
1048 313 1360
1048 314 1360
1049 314 1361
1049 315 1363
1051 315 1364
1052 315 1365
1052 316 1366
1053 316 1367
1053 317 1369
1055 317 1370
1056 317 1372
1056 318 1372
1057 318 1373
1057 319 1375
1059 319 1376
1059 320 1378
1061 320 1379
1061 321 1381
1063 321 1382
1064 321 1384
1065 321 1385
1065 323 1387
1067 323 1388
1067 324 1390
1069 324 1391
1069 325 1393
1071 325 1394
1072 325 1396
1072 326 1396
1073 326 1397
1073 327 1399
1075 327 1400
1075 328 1402
1077 328 1403
1077 329 1405
1079 329 1406
1079 330 1408
1081 330 1409
1082 330 1411
1082 331 1411
1083 331 1412
1084 331 1414
1084 332 1414
1085 332 1415
1085 333 1417
1087 333 1418
1087 334 1420
1089 334 1421
1089 335 1423
1091 335 1424
1092 335 1426
1092 336 1426
1093 336 1427
1093 337 1429
1095 337 1430
1095 338 1432
1097 338 1433
1097 339 1435
1099 339 1436
1100 339 1438
1100 340 1438
1101 340 1439
1101 341 1442
1103 341 1442
1103 342 1444
1105 342 1445
1106 343 1447
1107 343 1448
1107 344 1450
1109 344 1451
1110 344 1453
1110 345 1453
1111 345 1454
1111 346 1456
1113 346 1457
1113 347 1459
1115 347 1460
1115 348 1462
1117 348 1463
1117 349 1465
1119 349 1466
1120 349 1468
1121 349 1469
1122 349 1471
1122 351 1471
1123 351 1472
1123 352 1474
1125 352 1475
1125 353 1477
1127 353 1478
1128 354 1480
1129 354 1481
1129 355 1483
1131 355 1484
1131 356 1486
1133 356 1487
1133 357 1489
1135 357 1490
1136 357 1492
1136 358 1492
1136 359 1495
1139 359 1496
1140 359 1498
1141 359 1499
1141 361 1501
1143 361 1502
1143 362 1504
1145 362 1505
1145 363 1507
1147 363 1508
1147 364 1510
1147 365 1513
1151 365 1514
1151 366 1516
1153 366 1517
1153 367 1519
1155 367 1520
1155 368 1522
1157 368 1523
1157 369 1525
1159 369 1526
1159 370 1528
1159 371 1531
1163 371 1532
1163 372 1534
1165 372 1535
1166 372 1537
1166 373 1537
1167 373 1538
1167 374 1540
1169 374 1541
1170 374 1543
1170 375 1543
1171 375 1544
1171 376 1546
1171 377 1549
1175 377 1550
1176 377 1552
1177 377 1553
1177 379 1555
1179 379 1556
1212 396 1606
1214 397 1609
