1 0 1
3 0 2
4 0 3
5 0 4
6 0 5
7 0 6
8 0 7
9 0 8
10 0 9
11 0 10
12 0 11
13 0 12
14 0 13
15 0 14
16 0 15
17 0 16
18 0 17
18 1 18
19 1 19
21 1 21
22 1 22
23 1 23
24 1 24
25 1 25
25 3 27
27 3 28
27 4 29
28 4 30
29 4 31
29 5 32
30 5 33
31 5 34
33 5 37
33 7 38
34 7 39
35 7 40
36 7 42
37 7 43
37 9 45
38 9 45
39 9 46
39 10 47
40 10 48
41 10 49
42 10 51
43 10 52
44 10 54
45 10 55
45 13 56
46 13 57
47 13 58
48 13 60
49 13 61
49 15 62
50 15 63
51 15 64
52 15 66
53 15 67
53 17 68
54 17 69
55 17 70
56 17 72
57 17 73
58 17 75
59 17 76
59 20 78
61 20 79
62 21 81
63 21 82
63 22 84
65 22 85
65 23 86
66 23 87
68 23 90
69 23 91
70 23 93
71 23 94
71 26 96
72 26 96
73 26 97
73 27 98
74 27 99
75 27 100
75 28 102
76 28 102
77 28 103
77 29 104
78 29 105
78 30 108
80 30 108
81 30 109
81 31 111
82 31 111
83 31 112
83 32 113
84 32 114
85 32 115
86 33 117
87 33 118
87 34 119
88 34 120
89 34 121
90 35 123
91 35 125
92 36 126
93 36 127
93 37 129
94 37 129
95 37 130
95 38 132
96 38 132
97 38 133
97 39 135
99 39 136
100 40 138
101 40 139
101 41 141
102 41 141
104 41 144
105 41 145
106 43 147
107 43 148
108 43 150
109 43 151
109 45 153
110 45 153
111 45 154
111 46 155
112 46 156
113 46 157
113 47 159
114 47 159
115 47 160
115 48 161
116 48 162
117 48 163
117 49 164
118 49 165
119 49 166
120 49 168
121 49 169
121 51 170
122 51 171
123 51 172
124 52 174
125 52 175
126 53 177
127 53 178
127 54 180
128 54 180
129 54 181
130 54 183
131 54 184
132 56 186
133 56 187
133 57 188
134 57 189
135 57 190
136 57 192
137 57 193
139 57 196
140 57 198
141 57 199
142 61 201
143 61 202
143 62 203
144 62 204
145 62 205
145 63 206
146 63 207
147 63 208
147 64 209
148 64 210
149 64 211
149 65 212
151 65 214
151 66 215
152 66 216
153 66 217
153 67 218
154 67 219
155 67 220
155 68 221
156 68 222
157 68 223
157 69 225
158 69 225
159 69 226
160 69 228
161 69 229
162 69 232
163 69 232
164 72 234
165 72 235
165 73 236
166 73 237
167 73 238
167 74 239
168 74 240
169 74 241
170 75 243
171 75 244
171 76 245
172 76 246
173 76 247
174 76 249
175 76 250
176 78 252
177 78 253
177 79 254
178 79 255
179 79 256
179 80 258
180 80 258
181 80 259
181 81 260
182 81 261
183 81 262
184 82 264
186 82 267
187 82 268
187 84 270
188 84 270
189 84 271
189 85 273
190 85 273
191 85 274
192 85 276
193 85 277
193 87 278
194 87 279
195 87 280
195 88 281
196 88 282
197 88 283
198 89 285
199 89 286
200 90 288
201 90 289
201 91 290
202 91 291
203 91 292
203 92 293
204 92 294
205 92 295
205 93 296
206 93 297
207 93 298
207 94 299
208 94 300
209 94 301
210 95 303
211 95 304
211 96 306
212 96 306
213 96 307
214 96 309
215 96 310
216 98 312
217 98 313
217 99 314
218 99 315
219 99 316
219 100 317
221 100 319
221 101 321
222 101 321
223 101 322
223 102 323
224 102 324
226 102 327
227 102 328
227 104 329
228 104 330
229 104 331
229 105 332
230 105 333
231 105 334
231 106 335
232 106 336
233 106 337
233 107 339
235 107 340
235 108 341
236 108 342
237 108 343
237 109 344
238 109 345
239 109 346
240 110 348
241 110 349
241 111 350
242 111 351
243 111 352
245 111 355
245 113 357
246 113 357
247 113 358
248 113 360
249 113 361
249 115 362
250 115 363
251 115 364
251 116 365
252 116 366
253 116 367
254 116 369
255 116 370
257 116 373
257 119 374
258 119 375
259 119 376
259 120 378
260 120 378
261 120 379
261 121 381
262 121 381
263 121 382
264 121 384
265 121 385
265 123 387
266 123 387
267 123 388
267 124 389
269 124 391
269 125 392
270 125 393
271 125 394
271 126 395
272 126 396
273 126 397
273 127 399
274 127 399
275 127 400
275 128 401
276 128 402
277 128 403
277 129 405
278 129 405
279 129 406
281 129 409
282 131 411
283 131 412
283 132 413
284 132 414
285 132 415
285 133 417
287 133 418
287 134 419
288 134 420
289 134 421
289 135 422
290 135 423
291 135 424
293 135 427
293 137 429
295 137 430
295 138 431
296 138 432
297 138 433
297 139 435
298 139 435
299 139 436
299 140 437
300 140 438
301 140 439
301 141 440
302 141 441
303 141 442
303 142 443
305 142 445
305 143 447
306 143 447
307 143 448
307 144 450
308 144 450
309 144 451
310 144 453
311 144 454
311 146 455
312 146 456
313 146 457
313 147 458
314 147 459
315 147 460
316 147 463
317 147 463
317 149 464
318 149 465
319 149 466
320 149 468
321 149 469
321 151 471
322 151 471
323 151 472
323 152 474
324 152 474
325 152 475
326 152 477
327 152 478
328 152 480
329 152 481
330 152 483
331 152 484
331 156 486
332 156 486
333 156 487
333 157 489
334 157 489
335 157 490
335 158 492
336 158 492
337 158 493
337 159 495
338 159 495
339 159 496
340 159 498
341 159 499
341 161 500
342 161 501
343 161 502
344 161 504
345 161 505
345 163 506
346 163 507
347 163 508
348 164 510
349 164 511
350 165 513
351 165 514
351 166 516
352 166 516
353 166 517
354 166 519
355 166 520
355 168 522
357 168 523
358 169 525
359 169 526
360 169 528
361 169 529
361 171 531
362 171 531
363 171 532
364 171 534
365 171 535
365 173 536
366 173 537
367 173 538
368 174 540
369 174 541
370 174 543
371 174 544
371 176 545
372 176 546
373 176 547
373 177 549
374 177 549
375 177 550
375 178 552
376 178 552
377 178 553
377 179 554
378 179 555
379 179 556
379 180 557
380 180 558
381 180 559
381 181 560
382 181 561
383 181 562
384 182 564
385 182 565
387 182 568
387 184 570
388 184 570
389 184 571
389 185 572
390 185 573
391 185 574
391 186 575
392 186 576
393 186 577
393 187 579
394 187 579
395 187 580
395 188 581
396 188 582
397 188 583
397 189 584
399 189 586
399 190 587
400 190 588
401 190 589
401 191 590
402 191 591
403 191 592
403 192 593
404 192 594
405 192 595
405 193 596
406 193 597
407 193 598
408 193 600
409 193 601
410 193 603
411 193 604
411 196 606
412 196 606
413 196 607
414 197 609
415 197 610
416 197 612
417 197 613
417 199 614
418 199 615
419 199 616
420 199 618
421 199 619
422 199 621
423 199 622
423 202 623
424 202 624
425 202 625
426 202 627
427 202 628
427 204 629
428 204 630
429 204 631
429 205 633
430 205 633
431 205 634
432 205 636
434 205 639
435 205 640
435 208 641
436 208 642
437 208 643
438 209 645
439 209 646
440 210 648
441 210 649
441 211 650
442 211 651
443 211 652
444 212 654
445 212 655
446 212 657
447 212 658
447 214 659
448 214 660
449 214 661
449 215 662
450 215 663
451 215 664
451 216 665
452 216 666
453 216 667
454 217 669
455 217 670
455 218 671
456 218 672
458 218 675
459 218 676
460 218 678
461 218 679
461 221 680
462 221 681
463 221 682
463 222 683
464 222 684
465 222 685
465 223 686
466 223 687
467 223 688
467 224 689
468 224 690
469 224 691
469 225 693
470 225 693
471 225 694
472 225 696
473 225 697
473 227 698
474 227 699
475 227 700
476 228 702
477 228 703
478 229 705
479 229 706
480 230 708
481 230 709
482 230 711
483 230 712
483 232 714
484 232 714
485 232 715
485 233 716
486 233 717
487 233 718
487 234 719
488 234 720
489 234 721
489 235 722
490 235 723
491 235 724
491 236 725
493 236 727
493 237 729
494 237 729
495 237 730
495 238 732
496 238 732
497 238 733
498 238 735
499 238 736
500 238 738
501 238 739
501 241 741
503 241 742
504 241 744
505 241 745
505 243 747
506 243 747
507 243 748
507 244 749
508 244 750
509 244 751
510 244 753
511 244 754
512 246 756
513 246 757
513 247 758
514 247 759
515 247 760
516 247 762
517 247 763
518 247 765
519 247 766
519 250 767
520 250 768
521 250 769
521 251 771
522 251 771
523 251 772
523 252 773
524 252 774
525 252 775
526 252 777
528 252 780
529 252 781
529 255 783
530 255 783
531 255 784
532 256 786
533 256 787
533 257 788
534 257 789
535 257 790
536 258 792
537 258 793
537 259 795
538 259 795
539 259 796
540 259 798
541 259 799
541 261 801
542 261 801
543 261 802
544 261 804
545 261 805
545 263 807
546 263 807
547 263 808
547 264 809
548 264 810
549 264 811
549 265 812
550 265 813
551 265 814
552 265 816
553 265 817
554 267 819
555 267 820
555 268 821
556 268 822
557 268 823
557 269 824
558 269 825
559 269 826
559 270 827
560 270 828
561 270 829
561 271 830
562 271 831
564 271 834
565 271 835
566 271 837
567 271 838
567 274 839
568 274 840
569 274 841
569 275 843
570 275 843
571 275 844
571 276 845
572 276 846
573 276 847
573 277 848
574 277 849
575 278 852
576 278 852
577 278 853
578 278 855
579 278 856
579 280 857
580 280 858
581 280 859
581 281 860
582 281 861
583 281 862
584 282 864
585 282 865
585 283 866
586 283 867
587 283 868
587 284 870
588 284 870
589 284 871
589 285 873
590 285 873
591 285 874
591 286 875
592 286 876
593 286 877
594 286 879
595 286 880
596 286 882
597 286 883
597 289 884
599 289 886
599 290 888
601 290 889
601 291 891
602 291 891
603 291 892
603 292 893
604 292 894
605 292 895
605 293 896
606 293 897
607 293 898
608 294 900
609 294 901
611 294 904
611 296 906
613 296 907
613 297 909
614 297 909
615 297 910
616 297 912
617 297 913
617 299 914
618 299 915
619 299 916
620 300 918
621 300 919
622 300 922
623 300 922
623 302 923
624 302 924
625 302 925
625 303 926
626 303 927
627 303 928
628 304 930
629 304 931
629 305 932
630 305 933
631 305 934
631 306 935
632 306 936
633 306 937
635 307 940
635 308 941
636 308 942
637 308 943
638 308 945
639 308 946
639 310 947
640 310 948
641 310 949
641 311 950
642 311 951
643 311 952
643 312 953
644 312 954
645 312 955
646 312 957
647 312 958
647 314 960
648 314 960
649 314 961
649 315 962
650 315 963
651 315 964
651 316 965
652 316 966
653 316 967
654 317 969
655 317 970
656 317 972
657 317 973
658 317 975
659 317 976
660 317 978
661 317 979
661 321 980
662 321 981
663 321 982
663 322 983
664 322 984
665 322 985
665 323 987
666 323 987
667 323 988
667 324 989
668 324 990
669 324 991
670 324 993
671 324 994
671 326 996
672 326 996
673 326 997
674 327 999
675 327 1000
675 328 1001
676 328 1002
677 328 1003
677 329 1005
678 329 1005
679 329 1006
679 330 1008
680 330 1008
682 330 1011
683 330 1012
684 330 1014
685 330 1015
686 333 1017
687 333 1018
687 334 1019
688 334 1020
689 334 1021
689 335 1023
690 335 1023
691 335 1024
691 336 1025
692 336 1026
694 337 1029
695 337 1030
695 338 1032
696 338 1032
697 338 1033
697 339 1034
698 339 1035
699 339 1036
700 339 1038
701 339 1039
702 341 1041
703 341 1042
703 342 1043
704 342 1044
704 343 1046
706 343 1047
707 343 1048
707 344 1050
708 344 1050
709 344 1051
709 345 1052
710 345 1053
711 345 1054
711 346 1055
712 346 1056
713 346 1057
713 347 1058
714 347 1059
715 347 1060
715 348 1061
717 348 1063
717 349 1065
719 349 1066
719 350 1068
720 350 1068
721 350 1069
722 350 1071
723 350 1072
724 352 1074
725 352 1075
725 353 1076
726 353 1077
727 353 1078
728 353 1080
729 353 1081
729 355 1083
731 355 1084
731 356 1086
732 356 1086
733 356 1087
734 356 1089
735 356 1090
735 358 1092
736 358 1092
737 358 1093
737 359 1094
738 359 1095
739 359 1096
739 360 1097
740 360 1098
741 360 1099
741 361 1101
742 361 1101
743 361 1102
743 362 1103
744 362 1104
745 362 1105
745 363 1106
746 363 1107
747 363 1108
747 364 1109
748 364 1110
749 364 1111
749 365 1112
750 365 1113
751 365 1114
751 366 1115
753 366 1117
753 367 1119
754 367 1119
755 367 1120
755 368 1121
756 368 1122
757 368 1123
757 369 1124
758 369 1125
759 369 1126
759 370 1127
760 370 1128
761 370 1129
761 371 1131
762 371 1131
763 371 1132
764 371 1134
765 371 1135
765 373 1136
766 373 1137
767 373 1138
767 374 1139
768 374 1140
769 374 1141
770 375 1143
771 375 1144
771 376 1146
772 376 1146
773 376 1147
773 377 1149
774 377 1149
775 377 1150
776 377 1152
777 377 1153
777 379 1154
778 379 1155
779 379 1156
779 380 1158
780 380 1158
781 380 1159
781 381 1160
782 381 1161
783 381 1162
783 382 1163
784 382 1164
785 382 1165
785 383 1167
786 383 1167
788 384 1170
789 384 1171
789 385 1172
790 385 1173
791 385 1174
791 386 1175
792 386 1176
793 386 1177
794 386 1179
795 386 1180
795 388 1182
796 388 1182
797 388 1183
797 389 1185
798 389 1185
798 390 1187
800 390 1188
801 390 1189
801 391 1191
802 391 1191
803 391 1192
804 391 1194
805 391 1195
805 393 1197
806 393 1197
807 393 1198
807 394 1199
808 394 1200
809 394 1201
809 395 1202
810 395 1203
812 395 1206
813 395 1207
813 397 1209
814 397 1209
815 397 1210
815 398 1211
816 398 1212
817 398 1213
817 399 1214
818 399 1215
819 399 1216
819 400 1217
820 400 1218
821 400 1219
821 401 1221
822 401 1221
823 401 1222
823 402 1224
824 402 1224
825 402 1225
825 403 1226
826 403 1227
827 403 1228
828 404 1230
829 404 1231
829 405 1232
830 405 1233
831 405 1234
831 406 1235
832 406 1236
833 406 1237
834 406 1239
835 406 1240
835 408 1242
837 408 1243
838 408 1245
839 408 1246
839 410 1248
840 410 1248
841 410 1249
841 411 1250
842 411 1251
843 411 1252
844 412 1254
845 412 1255
845 413 1256
846 413 1257
848 413 1260
849 413 1261
850 415 1263
851 415 1264
851 416 1266
852 416 1266
853 416 1267
853 417 1268
854 417 1269
855 417 1270
856 417 1272
857 417 1273
857 419 1274
858 419 1275
859 419 1276
860 419 1278
861 419 1279
861 421 1280
862 421 1281
863 421 1282
863 422 1284
864 422 1284
865 422 1285
866 423 1287
867 423 1288
867 424 1290
868 424 1290
869 424 1291
869 425 1292
870 425 1293
870 426 1296
872 426 1296
873 426 1297
873 427 1298
874 427 1299
875 427 1300
876 428 1302
877 428 1303
878 428 1305
879 428 1306
879 430 1307
880 430 1308
881 430 1309
881 431 1310
882 431 1311
883 431 1312
884 431 1314
885 431 1315
886 433 1317
887 433 1318
888 433 1320
889 433 1321
890 433 1323
891 433 1324
891 436 1325
892 436 1326
893 436 1327
893 437 1328
895 437 1330
895 438 1332
896 438 1332
897 438 1333
897 439 1334
898 439 1335
899 439 1336
899 440 1337
900 440 1338
901 440 1339
901 441 1340
902 441 1341
903 441 1342
903 442 1344
904 442 1344
905 442 1345
905 443 1346
907 443 1348
907 444 1349
908 444 1350
909 444 1351
909 445 1353
910 445 1353
911 445 1354
911 446 1356
912 446 1356
913 446 1357
913 447 1358
914 447 1359
915 447 1360
915 448 1361
916 448 1362
917 448 1363
918 448 1365
919 448 1366
919 450 1367
920 450 1368
921 450 1369
921 451 1370
922 451 1371
923 451 1372
923 452 1373
924 452 1374
925 452 1375
926 453 1377
927 453 1378
928 454 1380
930 454 1383
931 454 1384
931 456 1386
932 456 1386
933 456 1387
933 457 1388
934 457 1389
935 457 1390
935 458 1392
936 458 1392
937 458 1393
937 459 1395
938 459 1395
939 459 1396
939 460 1397
940 460 1398
942 460 1401
943 460 1402
944 460 1404
945 460 1405
945 463 1406
946 463 1407
947 463 1408
947 464 1409
948 464 1410
949 464 1411
950 464 1413
951 464 1414
951 466 1415
952 466 1416
954 467 1419
955 467 1420
956 467 1422
957 467 1423
958 469 1425
959 469 1426
959 470 1427
960 470 1428
961 470 1429
962 470 1431
963 470 1432
963 472 1433
964 472 1434
966 472 1437
967 472 1438
968 472 1440
969 472 1441
970 472 1443
971 472 1444
971 476 1446
972 476 1446
973 476 1447
973 477 1448
974 477 1449
975 477 1450
976 478 1452
977 478 1455
978 478 1455
979 478 1456
979 480 1458
981 480 1459
981 481 1460
982 481 1461
983 481 1462
983 482 1463
984 482 1464
985 482 1465
985 483 1466
986 483 1467
987 483 1468
988 483 1470
989 483 1471
990 485 1473
991 485 1474
991 486 1475
992 486 1476
993 486 1477
993 487 1478
994 487 1479
995 487 1480
995 488 1482
996 488 1482
997 488 1483
997 489 1485
998 489 1485
999 489 1486
999 490 1487
1000 490 1488
1001 490 1489
1001 491 1491
1003 491 1492
1004 492 1494
1005 492 1495
1005 493 1496
1006 493 1497
1007 493 1498
1007 494 1499
1008 494 1500
1009 494 1501
1009 495 1502
1010 495 1503
1011 495 1504
1011 496 1506
1013 496 1507
